filename,ground_truth,pred,pred_prob,akiec,bcc,bkl,df,mel,nv,vasc,pred_thresholded
C:\Varun\skin-detect-mvp\data\test\akiec\ISIC_0025069.jpg,akiec,akiec,0.925974,0.925974,0.002661,0.011074,0.004355,0.047872,0.007928,0.000137,akiec
C:\Varun\skin-detect-mvp\data\test\akiec\ISIC_0025247.jpg,akiec,akiec,0.935844,0.935844,0.040465,0.019876,0.001381,0.000597,0.000897,0.000941,akiec
C:\Varun\skin-detect-mvp\data\test\akiec\ISIC_0025368.jpg,akiec,akiec,0.888693,0.888693,0.063119,0.039326,0.00092,0.006534,0.00101,0.000398,akiec
C:\Varun\skin-detect-mvp\data\test\akiec\ISIC_0025539.jpg,akiec,bkl,0.369142,0.106073,0.000667,0.369142,0.111489,0.352354,0.05902,0.001255,bkl
C:\Varun\skin-detect-mvp\data\test\akiec\ISIC_0025780.jpg,akiec,akiec,0.930339,0.930339,0.005677,0.016435,0.000266,0.044214,0.003031,3.7e-05,akiec
C:\Varun\skin-detect-mvp\data\test\akiec\ISIC_0025948.jpg,akiec,mel,0.367244,0.08011,0.191322,0.183889,9e-06,0.367244,0.177264,0.000161,mel
C:\Varun\skin-detect-mvp\data\test\akiec\ISIC_0025992.jpg,akiec,akiec,0.947315,0.947315,0.011211,0.009491,0.004342,0.018577,0.007203,0.001862,akiec
C:\Varun\skin-detect-mvp\data\test\akiec\ISIC_0026014.jpg,akiec,bkl,0.304576,0.025328,0.166695,0.304576,0.004307,0.254505,0.241776,0.002814,nv
C:\Varun\skin-detect-mvp\data\test\akiec\ISIC_0026083.jpg,akiec,akiec,0.48685,0.48685,0.017967,0.395371,0.008217,0.027739,0.062958,0.000898,akiec
C:\Varun\skin-detect-mvp\data\test\akiec\ISIC_0026194.jpg,akiec,akiec,0.776898,0.776898,0.023219,0.016832,0.001669,0.177621,0.003624,0.000137,akiec
C:\Varun\skin-detect-mvp\data\test\akiec\ISIC_0026327.jpg,akiec,akiec,0.523973,0.523973,0.328782,0.045857,0.000492,0.054261,0.046554,8.2e-05,akiec
C:\Varun\skin-detect-mvp\data\test\akiec\ISIC_0026388.jpg,akiec,akiec,0.73097,0.73097,0.012595,0.21814,0.001899,0.015299,0.018919,0.002178,akiec
C:\Varun\skin-detect-mvp\data\test\akiec\ISIC_0026992.jpg,akiec,akiec,0.698666,0.698666,0.122007,0.101956,0.00157,0.049377,0.026334,9e-05,akiec
C:\Varun\skin-detect-mvp\data\test\akiec\ISIC_0027184.jpg,akiec,akiec,0.632928,0.632928,0.226666,0.064196,0.003338,0.021369,0.051433,7.1e-05,akiec
C:\Varun\skin-detect-mvp\data\test\akiec\ISIC_0027668.jpg,akiec,bkl,0.361075,0.007536,0.106511,0.361075,0.199013,0.104108,0.22162,0.000137,nv
C:\Varun\skin-detect-mvp\data\test\akiec\ISIC_0027802.jpg,akiec,akiec,0.9439,0.9439,0.017923,0.011277,0.001788,0.005159,0.019768,0.000186,akiec
C:\Varun\skin-detect-mvp\data\test\akiec\ISIC_0027884.jpg,akiec,akiec,0.69141,0.69141,0.187745,0.069218,0.007337,0.008615,0.028102,0.007573,akiec
C:\Varun\skin-detect-mvp\data\test\akiec\ISIC_0027896.jpg,akiec,akiec,0.824931,0.824931,0.06648,0.099518,0.002878,0.00158,0.00443,0.000184,akiec
C:\Varun\skin-detect-mvp\data\test\akiec\ISIC_0027930.jpg,akiec,mel,0.364645,0.0448,0.093798,0.239733,0.002041,0.364645,0.254785,0.0002,nv
C:\Varun\skin-detect-mvp\data\test\akiec\ISIC_0028232.jpg,akiec,akiec,0.772154,0.772154,0.031009,0.019388,0.05113,0.102312,0.02387,0.000138,akiec
C:\Varun\skin-detect-mvp\data\test\akiec\ISIC_0028370.jpg,akiec,akiec,0.952333,0.952333,0.006711,0.009255,0.000169,0.030821,0.000695,1.6e-05,akiec
C:\Varun\skin-detect-mvp\data\test\akiec\ISIC_0028499.jpg,akiec,akiec,0.929969,0.929969,0.047358,0.013946,0.000181,0.002722,0.005638,0.000187,akiec
C:\Varun\skin-detect-mvp\data\test\akiec\ISIC_0028659.jpg,akiec,akiec,0.921145,0.921145,0.076846,0.000674,0.000453,0.000179,0.000637,6.5e-05,akiec
C:\Varun\skin-detect-mvp\data\test\akiec\ISIC_0028730.jpg,akiec,akiec,0.904668,0.904668,0.003264,0.059449,0.02452,0.007414,0.000665,2e-05,akiec
C:\Varun\skin-detect-mvp\data\test\akiec\ISIC_0028816.jpg,akiec,akiec,0.706153,0.706153,0.157679,0.043374,0.030495,0.033557,0.028454,0.000288,akiec
C:\Varun\skin-detect-mvp\data\test\akiec\ISIC_0028820.jpg,akiec,akiec,0.974091,0.974091,0.001408,0.018573,0.001209,0.004169,0.000424,0.000126,akiec
C:\Varun\skin-detect-mvp\data\test\akiec\ISIC_0028872.jpg,akiec,akiec,0.731265,0.731265,0.005452,0.204704,0.00421,0.020608,0.033622,0.000138,akiec
C:\Varun\skin-detect-mvp\data\test\akiec\ISIC_0029002.jpg,akiec,bcc,0.625069,0.14224,0.625069,0.168465,0.006922,0.041959,0.015286,6e-05,bcc
C:\Varun\skin-detect-mvp\data\test\akiec\ISIC_0029133.jpg,akiec,akiec,0.579499,0.579499,0.005317,0.328774,0.009017,0.053875,0.022963,0.000554,akiec
C:\Varun\skin-detect-mvp\data\test\akiec\ISIC_0029268.jpg,akiec,akiec,0.899652,0.899652,0.000414,0.054584,0.010471,0.0296,0.005262,1.7e-05,akiec
C:\Varun\skin-detect-mvp\data\test\akiec\ISIC_0029309.jpg,akiec,akiec,0.958558,0.958558,0.033121,0.003715,0.000289,0.003752,0.00054,2.5e-05,akiec
C:\Varun\skin-detect-mvp\data\test\akiec\ISIC_0029533.jpg,akiec,akiec,0.855755,0.855755,0.01205,0.006188,0.000527,0.105321,0.020147,1.1e-05,akiec
C:\Varun\skin-detect-mvp\data\test\akiec\ISIC_0029573.jpg,akiec,akiec,0.703401,0.703401,0.017132,0.243581,0.000446,0.032496,0.002352,0.000592,akiec
C:\Varun\skin-detect-mvp\data\test\akiec\ISIC_0029659.jpg,akiec,akiec,0.799368,0.799368,0.028166,0.028252,0.06237,0.053171,0.027798,0.000876,akiec
C:\Varun\skin-detect-mvp\data\test\akiec\ISIC_0029781.jpg,akiec,akiec,0.986932,0.986932,0.000756,0.000268,9.5e-05,0.009332,0.002608,7e-06,akiec
C:\Varun\skin-detect-mvp\data\test\akiec\ISIC_0030191.jpg,akiec,akiec,0.646169,0.646169,0.024445,0.172727,0.000736,0.116189,0.039639,9.6e-05,akiec
C:\Varun\skin-detect-mvp\data\test\akiec\ISIC_0030387.jpg,akiec,akiec,0.91565,0.91565,0.068753,0.010352,0.001387,0.001131,0.00257,0.000157,akiec
C:\Varun\skin-detect-mvp\data\test\akiec\ISIC_0030549.jpg,akiec,bcc,0.529906,0.437481,0.529906,0.003719,0.008965,0.009078,0.010787,6.5e-05,bcc
C:\Varun\skin-detect-mvp\data\test\akiec\ISIC_0030591.jpg,akiec,akiec,0.912661,0.912661,0.003946,0.028752,0.000381,0.036818,0.016798,0.000644,akiec
C:\Varun\skin-detect-mvp\data\test\akiec\ISIC_0030803.jpg,akiec,akiec,0.868392,0.868392,0.033001,0.080614,0.00251,0.008042,0.007267,0.000174,akiec
C:\Varun\skin-detect-mvp\data\test\akiec\ISIC_0031012.jpg,akiec,akiec,0.587405,0.587405,0.052288,0.041045,0.00618,0.225823,0.087143,0.000117,akiec
C:\Varun\skin-detect-mvp\data\test\akiec\ISIC_0031043.jpg,akiec,bkl,0.33041,0.189927,0.13883,0.33041,0.00643,0.272267,0.061314,0.000822,bkl
C:\Varun\skin-detect-mvp\data\test\akiec\ISIC_0031108.jpg,akiec,akiec,0.92228,0.92228,0.006107,0.013387,0.038488,0.0138,0.005836,0.000101,akiec
C:\Varun\skin-detect-mvp\data\test\akiec\ISIC_0031927.jpg,akiec,akiec,0.795178,0.795178,0.002832,0.15304,0.006167,0.020769,0.021824,0.00019,akiec
C:\Varun\skin-detect-mvp\data\test\akiec\ISIC_0032349.jpg,akiec,akiec,0.547605,0.547605,0.136224,0.187095,0.000607,0.09083,0.037169,0.000469,akiec
C:\Varun\skin-detect-mvp\data\test\akiec\ISIC_0032356.jpg,akiec,akiec,0.692086,0.692086,0.144653,0.016123,0.13279,0.008426,0.001264,0.004658,akiec
C:\Varun\skin-detect-mvp\data\test\akiec\ISIC_0032854.jpg,akiec,akiec,0.950783,0.950783,0.006351,0.03162,0.000679,0.009515,0.000971,8.1e-05,akiec
C:\Varun\skin-detect-mvp\data\test\akiec\ISIC_0033084.jpg,akiec,bkl,0.571509,0.353372,0.004219,0.571509,0.0169,0.046922,0.006916,0.000162,bkl
C:\Varun\skin-detect-mvp\data\test\akiec\ISIC_0033295.jpg,akiec,akiec,0.910215,0.910215,0.027663,0.055403,0.00217,0.004042,0.00041,9.8e-05,akiec
C:\Varun\skin-detect-mvp\data\test\bcc\ISIC_0024345.jpg,bcc,bcc,0.858785,0.13194,0.858785,0.002331,0.003929,0.001326,0.001594,9.3e-05,bcc
C:\Varun\skin-detect-mvp\data\test\bcc\ISIC_0024448.jpg,bcc,bcc,0.9769,0.019682,0.9769,0.001638,4.5e-05,0.001456,0.000184,9.3e-05,bcc
C:\Varun\skin-detect-mvp\data\test\bcc\ISIC_0024454.jpg,bcc,bcc,0.986036,0.006837,0.986036,0.004108,0.001574,0.000501,0.000855,8.8e-05,bcc
C:\Varun\skin-detect-mvp\data\test\bcc\ISIC_0024573.jpg,bcc,bcc,0.982311,0.008886,0.982311,0.00241,2.4e-05,0.002007,0.004316,4.6e-05,bcc
C:\Varun\skin-detect-mvp\data\test\bcc\ISIC_0024590.jpg,bcc,bcc,0.990917,0.002357,0.990917,0.0044,0.00024,0.000975,0.000998,0.000113,bcc
C:\Varun\skin-detect-mvp\data\test\bcc\ISIC_0024595.jpg,bcc,bcc,0.805187,0.03528,0.805187,0.08204,6.6e-05,0.025566,0.03494,0.016921,bcc
C:\Varun\skin-detect-mvp\data\test\bcc\ISIC_0025046.jpg,bcc,bcc,0.897575,0.005276,0.897575,0.05636,0.000467,0.013632,0.024752,0.001939,bcc
C:\Varun\skin-detect-mvp\data\test\bcc\ISIC_0025260.jpg,bcc,bkl,0.343543,0.018832,0.302524,0.343543,0.079438,0.093523,0.161918,0.000223,bkl
C:\Varun\skin-detect-mvp\data\test\bcc\ISIC_0025266.jpg,bcc,bcc,0.918041,0.023943,0.918041,0.007455,0.000133,0.026597,0.014266,0.009564,bcc
C:\Varun\skin-detect-mvp\data\test\bcc\ISIC_0025362.jpg,bcc,bcc,0.915257,0.043283,0.915257,0.016994,0.000163,0.005345,0.018545,0.000413,bcc
C:\Varun\skin-detect-mvp\data\test\bcc\ISIC_0025513.jpg,bcc,bcc,0.618622,0.003865,0.618622,0.026989,0.003591,0.198289,0.14477,0.003874,bcc
C:\Varun\skin-detect-mvp\data\test\bcc\ISIC_0025530.jpg,bcc,bcc,0.933736,0.033758,0.933736,0.006294,0.022335,0.001737,0.000551,0.001589,bcc
C:\Varun\skin-detect-mvp\data\test\bcc\ISIC_0025601.jpg,bcc,bcc,0.809977,0.115984,0.809977,0.026302,4.6e-05,0.024268,0.019025,0.004398,bcc
C:\Varun\skin-detect-mvp\data\test\bcc\ISIC_0025644.jpg,bcc,bcc,0.993996,0.000171,0.993996,0.000223,8.2e-05,0.000567,0.00484,0.000121,bcc
C:\Varun\skin-detect-mvp\data\test\bcc\ISIC_0025718.jpg,bcc,bcc,0.973951,0.010959,0.973951,0.003703,2.5e-05,0.010097,0.00108,0.000185,bcc
C:\Varun\skin-detect-mvp\data\test\bcc\ISIC_0025731.jpg,bcc,bcc,0.945868,0.008801,0.945868,0.008082,0.000133,0.013558,0.022617,0.000941,bcc
C:\Varun\skin-detect-mvp\data\test\bcc\ISIC_0025752.jpg,bcc,bcc,0.395926,0.020582,0.395926,0.199545,0.051996,0.26381,0.067948,0.000194,bcc
C:\Varun\skin-detect-mvp\data\test\bcc\ISIC_0026154.jpg,bcc,bcc,0.957419,0.023542,0.957419,0.000604,3.2e-05,0.016827,0.001517,5.7e-05,bcc
C:\Varun\skin-detect-mvp\data\test\bcc\ISIC_0026192.jpg,bcc,bcc,0.981096,0.003546,0.981096,0.006752,0.00012,0.002501,0.005171,0.000813,bcc
C:\Varun\skin-detect-mvp\data\test\bcc\ISIC_0026395.jpg,bcc,bcc,0.712004,0.003897,0.712004,0.019735,0.00044,0.153775,0.110115,3.4e-05,bcc
C:\Varun\skin-detect-mvp\data\test\bcc\ISIC_0026433.jpg,bcc,bcc,0.741314,0.019742,0.741314,0.223974,0.000946,0.008245,0.004878,0.000902,bcc
C:\Varun\skin-detect-mvp\data\test\bcc\ISIC_0026453.jpg,bcc,bcc,0.534615,0.013539,0.534615,0.071387,0.000387,0.129284,0.249545,0.001242,bcc
C:\Varun\skin-detect-mvp\data\test\bcc\ISIC_0026643.jpg,bcc,bcc,0.537959,0.154189,0.537959,0.162122,0.049755,0.067046,0.010621,0.018309,bcc
C:\Varun\skin-detect-mvp\data\test\bcc\ISIC_0026687.jpg,bcc,bcc,0.791595,0.054711,0.791595,0.027341,0.043385,0.072834,0.009013,0.001123,bcc
C:\Varun\skin-detect-mvp\data\test\bcc\ISIC_0026798.jpg,bcc,bcc,0.346342,0.24251,0.346342,0.238679,0.010556,0.005795,0.148372,0.007746,bcc
C:\Varun\skin-detect-mvp\data\test\bcc\ISIC_0026970.jpg,bcc,bcc,0.944717,0.023889,0.944717,0.011338,0.00041,0.006481,0.012767,0.000398,bcc
C:\Varun\skin-detect-mvp\data\test\bcc\ISIC_0026988.jpg,bcc,bcc,0.969715,0.028216,0.969715,0.001472,1.2e-05,0.00048,7.7e-05,2.7e-05,bcc
C:\Varun\skin-detect-mvp\data\test\bcc\ISIC_0027189.jpg,bcc,bcc,0.967003,0.022072,0.967003,0.008972,0.000331,0.001014,0.000592,1.6e-05,bcc
C:\Varun\skin-detect-mvp\data\test\bcc\ISIC_0027281.jpg,bcc,bcc,0.941499,0.000877,0.941499,0.022125,0.000151,0.004062,0.018708,0.012577,bcc
C:\Varun\skin-detect-mvp\data\test\bcc\ISIC_0027297.jpg,bcc,bcc,0.725466,0.020435,0.725466,0.13509,0.003974,0.02635,0.08733,0.001354,bcc
C:\Varun\skin-detect-mvp\data\test\bcc\ISIC_0027478.jpg,bcc,bcc,0.985256,0.000479,0.985256,0.00197,7.4e-05,0.010704,0.001417,9.9e-05,bcc
C:\Varun\skin-detect-mvp\data\test\bcc\ISIC_0027544.jpg,bcc,bcc,0.95672,0.016351,0.95672,0.02179,0.000213,0.001564,0.002426,0.000937,bcc
C:\Varun\skin-detect-mvp\data\test\bcc\ISIC_0027786.jpg,bcc,bcc,0.711401,0.057067,0.711401,0.198512,0.000964,0.004849,0.007062,0.020144,bcc
C:\Varun\skin-detect-mvp\data\test\bcc\ISIC_0027915.jpg,bcc,bcc,0.868231,0.00529,0.868231,0.002921,0.002835,0.084818,0.035884,2.2e-05,bcc
C:\Varun\skin-detect-mvp\data\test\bcc\ISIC_0028035.jpg,bcc,bcc,0.956867,0.022063,0.956867,0.003179,0.000136,0.001256,0.016398,0.0001,bcc
C:\Varun\skin-detect-mvp\data\test\bcc\ISIC_0028085.jpg,bcc,bcc,0.870387,0.000252,0.870387,0.077837,0.020134,0.004165,0.026812,0.000413,bcc
C:\Varun\skin-detect-mvp\data\test\bcc\ISIC_0028155.jpg,bcc,bkl,0.602707,0.035603,0.067021,0.602707,0.024411,0.175602,0.070489,0.024168,bkl
C:\Varun\skin-detect-mvp\data\test\bcc\ISIC_0028283.jpg,bcc,bcc,0.940014,0.050454,0.940014,0.002927,0.000681,0.000646,0.00483,0.000446,bcc
C:\Varun\skin-detect-mvp\data\test\bcc\ISIC_0028323.jpg,bcc,bcc,0.892951,0.073951,0.892951,0.023997,8.4e-05,0.008545,0.000407,6.4e-05,bcc
C:\Varun\skin-detect-mvp\data\test\bcc\ISIC_0028329.jpg,bcc,bcc,0.896724,0.089731,0.896724,0.010025,0.000145,0.002069,0.000965,0.000339,bcc
C:\Varun\skin-detect-mvp\data\test\bcc\ISIC_0028495.jpg,bcc,bcc,0.962571,0.001423,0.962571,0.005905,0.000371,0.006732,0.02088,0.002118,bcc
C:\Varun\skin-detect-mvp\data\test\bcc\ISIC_0029323.jpg,bcc,nv,0.30706,0.165169,0.305318,0.112058,0.034475,0.062146,0.30706,0.013774,nv
C:\Varun\skin-detect-mvp\data\test\bcc\ISIC_0029501.jpg,bcc,bcc,0.853335,0.061387,0.853335,0.07373,0.000152,0.007778,0.00266,0.000959,bcc
C:\Varun\skin-detect-mvp\data\test\bcc\ISIC_0029524.jpg,bcc,bcc,0.979088,0.007745,0.979088,0.005533,0.002104,0.003892,0.001542,9.6e-05,bcc
C:\Varun\skin-detect-mvp\data\test\bcc\ISIC_0029539.jpg,bcc,bcc,0.99445,0.000255,0.99445,0.001664,0.000406,0.00154,0.001611,7.3e-05,bcc
C:\Varun\skin-detect-mvp\data\test\bcc\ISIC_0029647.jpg,bcc,bkl,0.471846,0.023203,0.030502,0.471846,0.309256,0.148443,0.00972,0.00703,bkl
C:\Varun\skin-detect-mvp\data\test\bcc\ISIC_0029680.jpg,bcc,bcc,0.895164,0.056912,0.895164,0.002597,0.001781,0.031501,0.011842,0.000203,bcc
C:\Varun\skin-detect-mvp\data\test\bcc\ISIC_0029745.jpg,bcc,bcc,0.56521,0.017442,0.56521,0.015164,0.000512,0.355582,0.046053,3.7e-05,bcc
C:\Varun\skin-detect-mvp\data\test\bcc\ISIC_0030197.jpg,bcc,bcc,0.67134,0.26899,0.67134,0.039137,0.008462,0.009136,0.002683,0.000252,bcc
C:\Varun\skin-detect-mvp\data\test\bcc\ISIC_0030511.jpg,bcc,bcc,0.913577,0.002364,0.913577,0.001563,0.005995,0.007078,0.001964,0.067459,bcc
C:\Varun\skin-detect-mvp\data\test\bcc\ISIC_0030766.jpg,bcc,bcc,0.751346,0.000571,0.751346,0.013727,0.005294,0.107615,0.044364,0.077083,bcc
C:\Varun\skin-detect-mvp\data\test\bcc\ISIC_0031026.jpg,bcc,bcc,0.724883,0.019392,0.724883,0.098523,0.001424,0.121823,0.033579,0.000375,bcc
C:\Varun\skin-detect-mvp\data\test\bcc\ISIC_0031169.jpg,bcc,bcc,0.83537,0.1082,0.83537,0.026078,0.015891,0.003794,0.010627,3.9e-05,bcc
C:\Varun\skin-detect-mvp\data\test\bcc\ISIC_0031171.jpg,bcc,bcc,0.394187,0.099773,0.394187,0.052752,0.063754,0.07738,0.298896,0.013257,nv
C:\Varun\skin-detect-mvp\data\test\bcc\ISIC_0031258.jpg,bcc,bcc,0.907745,0.001077,0.907745,0.054588,0.008578,0.015324,0.00942,0.003267,bcc
C:\Varun\skin-detect-mvp\data\test\bcc\ISIC_0031284.jpg,bcc,bcc,0.876083,0.017181,0.876083,0.040928,0.000676,0.024322,0.040767,4.2e-05,bcc
C:\Varun\skin-detect-mvp\data\test\bcc\ISIC_0031384.jpg,bcc,bcc,0.895405,0.062519,0.895405,0.011153,4.4e-05,0.014954,0.015755,0.00017,bcc
C:\Varun\skin-detect-mvp\data\test\bcc\ISIC_0031531.jpg,bcc,bcc,0.400035,0.018519,0.400035,0.214681,0.036134,0.242142,0.087986,0.000505,bcc
C:\Varun\skin-detect-mvp\data\test\bcc\ISIC_0031597.jpg,bcc,bcc,0.331992,0.026486,0.331992,0.318977,0.002656,0.138853,0.177148,0.003888,bcc
C:\Varun\skin-detect-mvp\data\test\bcc\ISIC_0031728.jpg,bcc,bcc,0.961533,0.003941,0.961533,0.00196,0.003611,0.012161,0.015767,0.001026,bcc
C:\Varun\skin-detect-mvp\data\test\bcc\ISIC_0031762.jpg,bcc,bcc,0.797829,0.009255,0.797829,0.018293,0.000147,0.119367,0.053394,0.001714,bcc
C:\Varun\skin-detect-mvp\data\test\bcc\ISIC_0031971.jpg,bcc,bcc,0.728266,0.086949,0.728266,0.020301,0.018413,0.063058,0.082703,0.000309,bcc
C:\Varun\skin-detect-mvp\data\test\bcc\ISIC_0032139.jpg,bcc,bcc,0.834395,0.000547,0.834395,0.070578,0.000399,0.043018,0.016048,0.035014,bcc
C:\Varun\skin-detect-mvp\data\test\bcc\ISIC_0032185.jpg,bcc,bcc,0.967528,0.001021,0.967528,0.003618,0.006826,0.00231,0.007235,0.011461,bcc
C:\Varun\skin-detect-mvp\data\test\bcc\ISIC_0032246.jpg,bcc,bcc,0.846952,0.147802,0.846952,0.001923,0.000796,0.000695,0.001753,7.8e-05,bcc
C:\Varun\skin-detect-mvp\data\test\bcc\ISIC_0032384.jpg,bcc,bcc,0.804473,0.135711,0.804473,0.012827,0.041676,0.001429,0.002867,0.001017,bcc
C:\Varun\skin-detect-mvp\data\test\bcc\ISIC_0032414.jpg,bcc,bcc,0.344235,0.103126,0.344235,0.230498,0.002266,0.07222,0.244399,0.003257,nv
C:\Varun\skin-detect-mvp\data\test\bcc\ISIC_0032894.jpg,bcc,bcc,0.535417,0.006118,0.535417,0.158769,0.025034,0.197649,0.045436,0.031577,bcc
C:\Varun\skin-detect-mvp\data\test\bcc\ISIC_0033203.jpg,bcc,bcc,0.917085,0.001693,0.917085,0.006436,0.000349,0.00797,0.066149,0.000317,bcc
C:\Varun\skin-detect-mvp\data\test\bcc\ISIC_0033354.jpg,bcc,bcc,0.962565,0.003816,0.962565,0.026339,4.5e-05,0.006348,0.000856,3.1e-05,bcc
C:\Varun\skin-detect-mvp\data\test\bcc\ISIC_0033372.jpg,bcc,bcc,0.943871,0.000841,0.943871,0.021917,1.6e-05,0.032098,0.001223,3.3e-05,bcc
C:\Varun\skin-detect-mvp\data\test\bcc\ISIC_0033468.jpg,bcc,mel,0.528615,0.020197,0.158154,0.214655,0.036241,0.528615,0.040235,0.001902,mel
C:\Varun\skin-detect-mvp\data\test\bcc\ISIC_0033499.jpg,bcc,bcc,0.924526,0.054831,0.924526,0.01016,2e-05,0.009768,0.000694,1e-06,bcc
C:\Varun\skin-detect-mvp\data\test\bcc\ISIC_0033551.jpg,bcc,bcc,0.897915,0.006723,0.897915,0.003797,0.000355,0.001791,0.089332,8.7e-05,bcc
C:\Varun\skin-detect-mvp\data\test\bcc\ISIC_0033575.jpg,bcc,bcc,0.963732,0.000932,0.963732,0.020732,0.000451,0.008541,0.004411,0.0012,bcc
C:\Varun\skin-detect-mvp\data\test\bcc\ISIC_0034123.jpg,bcc,bcc,0.940024,0.008853,0.940024,0.01314,0.000302,0.036078,0.001592,1.2e-05,bcc
C:\Varun\skin-detect-mvp\data\test\bcc\ISIC_0034255.jpg,bcc,bcc,0.933389,0.010127,0.933389,0.016921,0.000915,0.029859,0.008729,6.1e-05,bcc
C:\Varun\skin-detect-mvp\data\test\bkl\ISIC_0024381.jpg,bkl,bkl,0.877215,0.058323,0.038389,0.877215,0.000547,0.017523,0.00471,0.003293,bkl
C:\Varun\skin-detect-mvp\data\test\bkl\ISIC_0024409.jpg,bkl,bkl,0.837663,0.082936,0.002806,0.837663,0.003604,0.033076,0.039703,0.000212,bkl
C:\Varun\skin-detect-mvp\data\test\bkl\ISIC_0024505.jpg,bkl,bkl,0.648135,0.155333,0.023512,0.648135,0.003487,0.123378,0.045041,0.001114,bkl
C:\Varun\skin-detect-mvp\data\test\bkl\ISIC_0024547.jpg,bkl,bkl,0.473277,0.009237,0.000742,0.473277,0.008111,0.361138,0.146948,0.000548,bkl
C:\Varun\skin-detect-mvp\data\test\bkl\ISIC_0024592.jpg,bkl,bkl,0.359529,0.13245,0.065395,0.359529,0.322852,0.104119,0.010459,0.005196,bkl
C:\Varun\skin-detect-mvp\data\test\bkl\ISIC_0024602.jpg,bkl,bkl,0.378431,0.042804,0.158112,0.378431,0.006225,0.32121,0.09297,0.000248,bkl
C:\Varun\skin-detect-mvp\data\test\bkl\ISIC_0024623.jpg,bkl,bkl,0.78336,0.066012,0.1162,0.78336,0.002562,0.025303,0.004919,0.001643,bkl
C:\Varun\skin-detect-mvp\data\test\bkl\ISIC_0024773.jpg,bkl,bkl,0.825412,0.043304,0.016889,0.825412,0.000289,0.097822,0.01619,9.5e-05,bkl
C:\Varun\skin-detect-mvp\data\test\bkl\ISIC_0024971.jpg,bkl,bkl,0.762349,0.146815,0.002298,0.762349,0.000281,0.074882,0.013095,0.00028,bkl
C:\Varun\skin-detect-mvp\data\test\bkl\ISIC_0025038.jpg,bkl,bkl,0.784527,0.01677,0.001368,0.784527,0.002413,0.171135,0.023478,0.00031,bkl
C:\Varun\skin-detect-mvp\data\test\bkl\ISIC_0025040.jpg,bkl,nv,0.501582,0.014392,0.000871,0.183013,0.001817,0.298221,0.501582,0.000105,nv
C:\Varun\skin-detect-mvp\data\test\bkl\ISIC_0025099.jpg,bkl,bkl,0.904634,1.5e-05,0.001359,0.904634,0.000111,0.070368,0.023314,0.000199,bkl
C:\Varun\skin-detect-mvp\data\test\bkl\ISIC_0025103.jpg,bkl,bkl,0.879961,0.016819,0.002502,0.879961,0.00377,0.084903,0.011636,0.000408,bkl
C:\Varun\skin-detect-mvp\data\test\bkl\ISIC_0025157.jpg,bkl,bkl,0.771083,0.142224,0.00428,0.771083,0.001857,0.042942,0.036172,0.001443,bkl
C:\Varun\skin-detect-mvp\data\test\bkl\ISIC_0025199.jpg,bkl,bkl,0.585603,0.018644,0.001773,0.585603,0.001657,0.241925,0.145643,0.004755,bkl
C:\Varun\skin-detect-mvp\data\test\bkl\ISIC_0025276.jpg,bkl,bkl,0.607922,0.022405,0.140499,0.607922,0.020598,0.142259,0.025062,0.041253,bkl
C:\Varun\skin-detect-mvp\data\test\bkl\ISIC_0025366.jpg,bkl,nv,0.725259,0.001411,0.000333,0.21487,0.00539,0.049422,0.725259,0.003316,nv
C:\Varun\skin-detect-mvp\data\test\bkl\ISIC_0025374.jpg,bkl,bkl,0.82679,0.001475,0.000194,0.82679,0.000806,0.150999,0.01969,4.6e-05,bkl
C:\Varun\skin-detect-mvp\data\test\bkl\ISIC_0025392.jpg,bkl,bkl,0.924561,1e-05,0.002328,0.924561,0.000176,0.008492,0.06342,0.001013,bkl
C:\Varun\skin-detect-mvp\data\test\bkl\ISIC_0025529.jpg,bkl,bkl,0.660518,0.026391,0.007216,0.660518,0.001018,0.26239,0.042355,0.000112,bkl
C:\Varun\skin-detect-mvp\data\test\bkl\ISIC_0025567.jpg,bkl,bkl,0.965865,7.4e-05,0.000112,0.965865,0.000517,0.009028,0.023107,0.001297,bkl
C:\Varun\skin-detect-mvp\data\test\bkl\ISIC_0025661.jpg,bkl,bkl,0.677774,0.14395,0.083889,0.677774,0.003609,0.075824,0.014428,0.000525,bkl
C:\Varun\skin-detect-mvp\data\test\bkl\ISIC_0025838.jpg,bkl,mel,0.557701,0.000432,0.000603,0.278366,0.043557,0.557701,0.119226,0.000114,mel
C:\Varun\skin-detect-mvp\data\test\bkl\ISIC_0025906.jpg,bkl,bkl,0.914035,1.4e-05,0.000573,0.914035,0.00074,0.067128,0.017259,0.000251,bkl
C:\Varun\skin-detect-mvp\data\test\bkl\ISIC_0025973.jpg,bkl,bkl,0.51158,0.009746,0.13157,0.51158,0.00486,0.280349,0.061176,0.000717,bkl
C:\Varun\skin-detect-mvp\data\test\bkl\ISIC_0025984.jpg,bkl,bkl,0.386092,0.00883,0.049262,0.386092,0.000454,0.209661,0.344291,0.001411,nv
C:\Varun\skin-detect-mvp\data\test\bkl\ISIC_0025985.jpg,bkl,bcc,0.481905,0.056452,0.481905,0.417163,0.019336,0.011747,0.00833,0.005067,bcc
C:\Varun\skin-detect-mvp\data\test\bkl\ISIC_0026046.jpg,bkl,bkl,0.983358,0.000322,0.00082,0.983358,0.004745,0.003428,0.007246,8e-05,bkl
C:\Varun\skin-detect-mvp\data\test\bkl\ISIC_0026060.jpg,bkl,bkl,0.768098,0.184717,0.000328,0.768098,0.029729,0.009263,0.00448,0.003385,bkl
C:\Varun\skin-detect-mvp\data\test\bkl\ISIC_0026069.jpg,bkl,bkl,0.832889,0.019674,0.014311,0.832889,0.001137,0.083414,0.048316,0.000259,bkl
C:\Varun\skin-detect-mvp\data\test\bkl\ISIC_0026174.jpg,bkl,bkl,0.929072,0.00945,0.009098,0.929072,0.000477,0.029776,0.022054,7.3e-05,bkl
C:\Varun\skin-detect-mvp\data\test\bkl\ISIC_0026265.jpg,bkl,bkl,0.695667,0.076207,0.003357,0.695667,0.006249,0.188598,0.029799,0.000123,bkl
C:\Varun\skin-detect-mvp\data\test\bkl\ISIC_0026291.jpg,bkl,bkl,0.956651,9e-06,9.6e-05,0.956651,0.013283,0.006932,0.02238,0.000649,bkl
C:\Varun\skin-detect-mvp\data\test\bkl\ISIC_0026378.jpg,bkl,bkl,0.698188,0.182251,0.022805,0.698188,0.000986,0.088263,0.006971,0.000535,bkl
C:\Varun\skin-detect-mvp\data\test\bkl\ISIC_0026446.jpg,bkl,bkl,0.81747,1.9e-05,5.1e-05,0.81747,0.003236,0.064832,0.112217,0.002175,bkl
C:\Varun\skin-detect-mvp\data\test\bkl\ISIC_0026511.jpg,bkl,bkl,0.98446,5.8e-05,0.000229,0.98446,7.2e-05,0.002177,0.012665,0.000339,bkl
C:\Varun\skin-detect-mvp\data\test\bkl\ISIC_0026523.jpg,bkl,bkl,0.72834,0.235934,0.004922,0.72834,0.000258,0.029531,0.000894,0.000122,bkl
C:\Varun\skin-detect-mvp\data\test\bkl\ISIC_0026530.jpg,bkl,bkl,0.948451,0.001068,0.000623,0.948451,0.00035,0.031098,0.01829,0.00012,bkl
C:\Varun\skin-detect-mvp\data\test\bkl\ISIC_0026590.jpg,bkl,bkl,0.740024,0.04828,0.000474,0.740024,0.000105,0.160175,0.04853,0.002412,bkl
C:\Varun\skin-detect-mvp\data\test\bkl\ISIC_0026704.jpg,bkl,akiec,0.548467,0.548467,0.016382,0.329854,0.00238,0.080143,0.022072,0.000701,akiec
C:\Varun\skin-detect-mvp\data\test\bkl\ISIC_0026787.jpg,bkl,mel,0.445998,0.192061,0.154007,0.093178,0.005727,0.445998,0.108731,0.000299,mel
C:\Varun\skin-detect-mvp\data\test\bkl\ISIC_0026803.jpg,bkl,bkl,0.902669,0.003014,0.000628,0.902669,0.002279,0.07026,0.019636,0.001513,bkl
C:\Varun\skin-detect-mvp\data\test\bkl\ISIC_0026827.jpg,bkl,bkl,0.824993,0.01498,0.000113,0.824993,0.001079,0.132624,0.026005,0.000206,bkl
C:\Varun\skin-detect-mvp\data\test\bkl\ISIC_0026843.jpg,bkl,bkl,0.595136,0.000384,0.011483,0.595136,0.001467,0.245927,0.145326,0.000277,bkl
C:\Varun\skin-detect-mvp\data\test\bkl\ISIC_0026844.jpg,bkl,akiec,0.354108,0.354108,0.22605,0.302241,0.008308,0.075096,0.024996,0.009201,akiec
C:\Varun\skin-detect-mvp\data\test\bkl\ISIC_0026871.jpg,bkl,akiec,0.867148,0.867148,0.020094,0.083773,0.001159,0.019045,0.008706,7.5e-05,akiec
C:\Varun\skin-detect-mvp\data\test\bkl\ISIC_0026893.jpg,bkl,bkl,0.653311,0.311149,0.011465,0.653311,0.003186,0.009915,0.010562,0.000412,bkl
C:\Varun\skin-detect-mvp\data\test\bkl\ISIC_0027006.jpg,bkl,bkl,0.965097,0.001555,0.00791,0.965097,0.001146,0.011351,0.012845,9.5e-05,bkl
C:\Varun\skin-detect-mvp\data\test\bkl\ISIC_0027017.jpg,bkl,bkl,0.792541,0.04402,0.005055,0.792541,0.008358,0.145123,0.004864,3.9e-05,bkl
C:\Varun\skin-detect-mvp\data\test\bkl\ISIC_0027053.jpg,bkl,bkl,0.67541,0.068799,0.001441,0.67541,0.005071,0.197471,0.050417,0.001391,bkl
C:\Varun\skin-detect-mvp\data\test\bkl\ISIC_0027064.jpg,bkl,bkl,0.387359,0.091871,0.003308,0.387359,0.23457,0.224929,0.057768,0.000195,bkl
C:\Varun\skin-detect-mvp\data\test\bkl\ISIC_0027194.jpg,bkl,bkl,0.635453,0.198163,0.003561,0.635453,0.0052,0.136672,0.008078,0.012873,bkl
C:\Varun\skin-detect-mvp\data\test\bkl\ISIC_0027295.jpg,bkl,bkl,0.59106,0.116555,0.028957,0.59106,0.176244,0.045178,0.041384,0.000621,bkl
C:\Varun\skin-detect-mvp\data\test\bkl\ISIC_0027335.jpg,bkl,mel,0.501756,0.068033,0.017465,0.378417,0.001194,0.501756,0.033106,3e-05,mel
C:\Varun\skin-detect-mvp\data\test\bkl\ISIC_0027370.jpg,bkl,bkl,0.940707,0.0001,5.1e-05,0.940707,0.000876,0.004416,0.053695,0.000155,bkl
C:\Varun\skin-detect-mvp\data\test\bkl\ISIC_0027419.jpg,bkl,bkl,0.852569,0.07042,0.001193,0.852569,0.002209,0.070782,0.002774,5.3e-05,bkl
C:\Varun\skin-detect-mvp\data\test\bkl\ISIC_0027435.jpg,bkl,bkl,0.881902,0.015655,0.020018,0.881902,0.001242,0.032869,0.047831,0.000484,bkl
C:\Varun\skin-detect-mvp\data\test\bkl\ISIC_0027463.jpg,bkl,bkl,0.943008,0.002798,0.000195,0.943008,0.000393,0.037862,0.014915,0.000828,bkl
C:\Varun\skin-detect-mvp\data\test\bkl\ISIC_0027606.jpg,bkl,bkl,0.756667,0.05276,0.002689,0.756667,0.004102,0.124178,0.059264,0.000342,bkl
C:\Varun\skin-detect-mvp\data\test\bkl\ISIC_0027612.jpg,bkl,bkl,0.894995,0.001099,0.001599,0.894995,0.038427,0.018718,0.044013,0.00115,bkl
C:\Varun\skin-detect-mvp\data\test\bkl\ISIC_0027710.jpg,bkl,bkl,0.765197,4.1e-05,1.9e-05,0.765197,0.015372,0.005344,0.211025,0.003003,bkl
C:\Varun\skin-detect-mvp\data\test\bkl\ISIC_0027754.jpg,bkl,bkl,0.839992,0.0372,0.055238,0.839992,0.000244,0.064989,0.002252,8.6e-05,bkl
C:\Varun\skin-detect-mvp\data\test\bkl\ISIC_0027780.jpg,bkl,bkl,0.412145,0.08125,0.130969,0.412145,0.011065,0.250433,0.113681,0.000457,bkl
C:\Varun\skin-detect-mvp\data\test\bkl\ISIC_0027811.jpg,bkl,bkl,0.641483,0.124935,0.00162,0.641483,0.003086,0.15661,0.069325,0.00294,bkl
C:\Varun\skin-detect-mvp\data\test\bkl\ISIC_0027850.jpg,bkl,bkl,0.53178,0.032795,0.120743,0.53178,0.006616,0.287562,0.020409,9.6e-05,bkl
C:\Varun\skin-detect-mvp\data\test\bkl\ISIC_0027859.jpg,bkl,akiec,0.663046,0.663046,0.000774,0.115776,0.005208,0.124439,0.089745,0.001012,akiec
C:\Varun\skin-detect-mvp\data\test\bkl\ISIC_0027893.jpg,bkl,bkl,0.708521,0.025276,0.000394,0.708521,0.000695,0.220423,0.044634,5.8e-05,bkl
C:\Varun\skin-detect-mvp\data\test\bkl\ISIC_0027957.jpg,bkl,mel,0.508348,0.012532,0.002964,0.303762,0.000527,0.508348,0.171351,0.000517,mel
C:\Varun\skin-detect-mvp\data\test\bkl\ISIC_0027967.jpg,bkl,akiec,0.507115,0.507115,0.043808,0.374403,0.027207,0.023923,0.020231,0.003313,akiec
C:\Varun\skin-detect-mvp\data\test\bkl\ISIC_0028104.jpg,bkl,bcc,0.785938,0.019883,0.785938,0.056322,0.018138,0.097677,0.021893,0.00015,bcc
C:\Varun\skin-detect-mvp\data\test\bkl\ISIC_0028123.jpg,bkl,bkl,0.698157,0.111729,0.017588,0.698157,0.002053,0.11823,0.051094,0.00115,bkl
C:\Varun\skin-detect-mvp\data\test\bkl\ISIC_0028165.jpg,bkl,akiec,0.69282,0.69282,0.027157,0.254719,0.009473,0.007371,0.007872,0.000588,akiec
C:\Varun\skin-detect-mvp\data\test\bkl\ISIC_0028229.jpg,bkl,bkl,0.806982,0.155039,0.007312,0.806982,6.6e-05,0.028697,0.001842,6.2e-05,bkl
C:\Varun\skin-detect-mvp\data\test\bkl\ISIC_0028389.jpg,bkl,bkl,0.946441,0.003099,0.001128,0.946441,0.00205,0.032601,0.014163,0.000518,bkl
C:\Varun\skin-detect-mvp\data\test\bkl\ISIC_0028411.jpg,bkl,bkl,0.947402,7.4e-05,0.000966,0.947402,7e-05,0.032543,0.018721,0.000223,bkl
C:\Varun\skin-detect-mvp\data\test\bkl\ISIC_0028490.jpg,bkl,bkl,0.383018,0.203365,0.00252,0.383018,0.007528,0.332908,0.070351,0.00031,bkl
C:\Varun\skin-detect-mvp\data\test\bkl\ISIC_0028497.jpg,bkl,bkl,0.668194,0.004434,0.005434,0.668194,0.290946,0.004959,0.018169,0.007866,bkl
C:\Varun\skin-detect-mvp\data\test\bkl\ISIC_0028550.jpg,bkl,bkl,0.390728,0.25092,0.050655,0.390728,0.122487,0.174518,0.010498,0.000193,bkl
C:\Varun\skin-detect-mvp\data\test\bkl\ISIC_0028611.jpg,bkl,bcc,0.459695,0.435244,0.459695,0.006695,0.003743,0.039866,0.054736,2.1e-05,bcc
C:\Varun\skin-detect-mvp\data\test\bkl\ISIC_0028622.jpg,bkl,bkl,0.555365,0.030857,0.012734,0.555365,0.001419,0.351958,0.026707,0.02096,bkl
C:\Varun\skin-detect-mvp\data\test\bkl\ISIC_0028650.jpg,bkl,bkl,0.760315,0.033002,0.013047,0.760315,0.003759,0.173384,0.01106,0.005433,bkl
C:\Varun\skin-detect-mvp\data\test\bkl\ISIC_0028701.jpg,bkl,bkl,0.769578,0.106431,0.000256,0.769578,0.004826,0.061605,0.056351,0.000953,bkl
C:\Varun\skin-detect-mvp\data\test\bkl\ISIC_0028749.jpg,bkl,bkl,0.624227,0.22175,0.004561,0.624227,0.003508,0.120957,0.024264,0.000732,bkl
C:\Varun\skin-detect-mvp\data\test\bkl\ISIC_0028750.jpg,bkl,mel,0.535426,0.012074,0.025936,0.342743,0.008098,0.535426,0.067166,0.008557,mel
C:\Varun\skin-detect-mvp\data\test\bkl\ISIC_0028792.jpg,bkl,bkl,0.899973,0.028906,0.004828,0.899973,0.003453,0.050258,0.012463,0.00012,bkl
C:\Varun\skin-detect-mvp\data\test\bkl\ISIC_0028846.jpg,bkl,bkl,0.767508,0.132531,0.00351,0.767508,0.000802,0.078543,0.015432,0.001675,bkl
C:\Varun\skin-detect-mvp\data\test\bkl\ISIC_0028856.jpg,bkl,bkl,0.671675,0.095897,0.017622,0.671675,0.005943,0.181666,0.02714,5.7e-05,bkl
C:\Varun\skin-detect-mvp\data\test\bkl\ISIC_0028943.jpg,bkl,bkl,0.506051,0.376049,0.009784,0.506051,0.000695,0.094704,0.00843,0.004287,bkl
C:\Varun\skin-detect-mvp\data\test\bkl\ISIC_0028970.jpg,bkl,bkl,0.867784,0.04153,0.018764,0.867784,0.000817,0.065451,0.005233,0.000421,bkl
C:\Varun\skin-detect-mvp\data\test\bkl\ISIC_0029048.jpg,bkl,bkl,0.920999,2.6e-05,0.000386,0.920999,0.000211,0.022937,0.052184,0.003258,bkl
C:\Varun\skin-detect-mvp\data\test\bkl\ISIC_0029060.jpg,bkl,bkl,0.754346,0.007617,0.00073,0.754346,0.014054,0.117727,0.105434,9.3e-05,bkl
C:\Varun\skin-detect-mvp\data\test\bkl\ISIC_0029061.jpg,bkl,bkl,0.879491,0.01715,0.002842,0.879491,0.002169,0.069137,0.02865,0.000561,bkl
C:\Varun\skin-detect-mvp\data\test\bkl\ISIC_0029068.jpg,bkl,bkl,0.429329,0.178101,0.194519,0.429329,0.156928,0.008767,0.01376,0.018596,bkl
C:\Varun\skin-detect-mvp\data\test\bkl\ISIC_0029107.jpg,bkl,nv,0.4314,0.003459,0.001763,0.387779,0.004857,0.167799,0.4314,0.002942,nv
C:\Varun\skin-detect-mvp\data\test\bkl\ISIC_0029135.jpg,bkl,bkl,0.586232,0.018761,0.012508,0.586232,0.000767,0.293551,0.087996,0.000184,bkl
C:\Varun\skin-detect-mvp\data\test\bkl\ISIC_0029243.jpg,bkl,bkl,0.928576,0.027361,8.3e-05,0.928576,0.000201,0.041778,0.001962,3.8e-05,bkl
C:\Varun\skin-detect-mvp\data\test\bkl\ISIC_0029289.jpg,bkl,bkl,0.338047,0.001254,0.000907,0.338047,0.00184,0.331692,0.308035,0.018225,nv
C:\Varun\skin-detect-mvp\data\test\bkl\ISIC_0029308.jpg,bkl,bkl,0.931912,0.001787,0.001543,0.931912,0.001376,0.053274,0.009417,0.000692,bkl
C:\Varun\skin-detect-mvp\data\test\bkl\ISIC_0029320.jpg,bkl,nv,0.556835,0.002796,0.000293,0.308112,0.011321,0.102083,0.556835,0.018559,nv
C:\Varun\skin-detect-mvp\data\test\bkl\ISIC_0029455.jpg,bkl,bkl,0.368921,0.034569,0.36748,0.368921,0.051204,0.125304,0.050647,0.001875,bkl
C:\Varun\skin-detect-mvp\data\test\bkl\ISIC_0029548.jpg,bkl,bkl,0.42778,0.01352,0.000334,0.42778,0.000905,0.218722,0.331668,0.007072,nv
C:\Varun\skin-detect-mvp\data\test\bkl\ISIC_0029674.jpg,bkl,bkl,0.394448,0.125736,0.003068,0.394448,0.001355,0.262905,0.212227,0.000261,nv
C:\Varun\skin-detect-mvp\data\test\bkl\ISIC_0029683.jpg,bkl,mel,0.642634,0.001409,0.000985,0.230546,0.001615,0.642634,0.121907,0.000903,mel
C:\Varun\skin-detect-mvp\data\test\bkl\ISIC_0029741.jpg,bkl,bkl,0.919776,0.002944,0.000396,0.919776,0.048114,0.01027,0.017006,0.001495,bkl
C:\Varun\skin-detect-mvp\data\test\bkl\ISIC_0029872.jpg,bkl,bkl,0.939877,0.005605,0.02806,0.939877,0.00056,0.025202,0.00067,2.7e-05,bkl
C:\Varun\skin-detect-mvp\data\test\bkl\ISIC_0029929.jpg,bkl,mel,0.560283,0.008942,0.022289,0.398955,0.000246,0.560283,0.009224,6.1e-05,mel
C:\Varun\skin-detect-mvp\data\test\bkl\ISIC_0029991.jpg,bkl,akiec,0.753927,0.753927,0.040067,0.130254,0.06051,0.014137,0.00108,2.5e-05,akiec
C:\Varun\skin-detect-mvp\data\test\bkl\ISIC_0030088.jpg,bkl,bkl,0.694794,0.005072,0.001926,0.694794,0.071371,0.065025,0.155304,0.006509,bkl
C:\Varun\skin-detect-mvp\data\test\bkl\ISIC_0030173.jpg,bkl,bkl,0.863311,0.000337,9.1e-05,0.863311,2.1e-05,0.104364,0.031817,6e-05,bkl
C:\Varun\skin-detect-mvp\data\test\bkl\ISIC_0030240.jpg,bkl,bkl,0.738173,0.107421,0.002484,0.738173,0.000154,0.146779,0.004723,0.000267,bkl
C:\Varun\skin-detect-mvp\data\test\bkl\ISIC_0030318.jpg,bkl,bkl,0.944204,0.003067,0.004533,0.944204,0.000645,0.039974,0.006238,0.00134,bkl
C:\Varun\skin-detect-mvp\data\test\bkl\ISIC_0030369.jpg,bkl,bkl,0.679102,0.024887,0.003513,0.679102,0.00489,0.225415,0.062149,4.4e-05,bkl
C:\Varun\skin-detect-mvp\data\test\bkl\ISIC_0030436.jpg,bkl,akiec,0.361877,0.361877,0.195518,0.143531,2.7e-05,0.271474,0.026932,0.000641,akiec
C:\Varun\skin-detect-mvp\data\test\bkl\ISIC_0030698.jpg,bkl,bkl,0.784381,0.00041,0.000278,0.784381,0.001275,0.068893,0.140538,0.004225,bkl
C:\Varun\skin-detect-mvp\data\test\bkl\ISIC_0030783.jpg,bkl,mel,0.430001,0.007863,0.003976,0.366372,0.000923,0.430001,0.190804,6.2e-05,nv
C:\Varun\skin-detect-mvp\data\test\bkl\ISIC_0030801.jpg,bkl,bkl,0.436782,0.081658,0.010661,0.436782,0.000224,0.241872,0.228369,0.000433,nv
C:\Varun\skin-detect-mvp\data\test\bkl\ISIC_0031050.jpg,bkl,bkl,0.81308,0.002855,0.002624,0.81308,0.006699,0.147029,0.027542,0.00017,bkl
C:\Varun\skin-detect-mvp\data\test\bkl\ISIC_0031168.jpg,bkl,akiec,0.491113,0.491113,0.131381,0.339621,0.016768,0.011459,0.007532,0.002125,akiec
C:\Varun\skin-detect-mvp\data\test\bkl\ISIC_0031253.jpg,bkl,bkl,0.687199,0.001955,0.001825,0.687199,0.095532,0.024467,0.185455,0.003567,bkl
C:\Varun\skin-detect-mvp\data\test\bkl\ISIC_0031277.jpg,bkl,bkl,0.784253,0.003081,0.002016,0.784253,0.000594,0.193472,0.016551,3.4e-05,bkl
C:\Varun\skin-detect-mvp\data\test\bkl\ISIC_0031362.jpg,bkl,bkl,0.967019,3.3e-05,8e-06,0.967019,0.001446,0.008282,0.022507,0.000705,bkl
C:\Varun\skin-detect-mvp\data\test\bkl\ISIC_0031465.jpg,bkl,bkl,0.55374,0.014011,0.303551,0.55374,0.000449,0.040538,0.078183,0.009529,bkl
C:\Varun\skin-detect-mvp\data\test\bkl\ISIC_0031511.jpg,bkl,bkl,0.957186,1.3e-05,8.4e-05,0.957186,0.017157,0.013237,0.011451,0.000872,bkl
C:\Varun\skin-detect-mvp\data\test\bkl\ISIC_0031522.jpg,bkl,bkl,0.847522,0.067317,0.004827,0.847522,0.005787,0.0279,0.017558,0.029088,bkl
C:\Varun\skin-detect-mvp\data\test\bkl\ISIC_0031580.jpg,bkl,bkl,0.823584,0.059412,0.01866,0.823584,0.006661,0.059137,0.032287,0.00026,bkl
C:\Varun\skin-detect-mvp\data\test\bkl\ISIC_0031624.jpg,bkl,bkl,0.975687,0.000925,0.001601,0.975687,0.000483,0.011421,0.009198,0.000685,bkl
C:\Varun\skin-detect-mvp\data\test\bkl\ISIC_0031633.jpg,bkl,bcc,0.373341,0.060421,0.373341,0.270373,0.088642,0.135229,0.071951,4.3e-05,bcc
C:\Varun\skin-detect-mvp\data\test\bkl\ISIC_0031639.jpg,bkl,bkl,0.83205,0.026631,0.003659,0.83205,0.000267,0.126328,0.010948,0.000117,bkl
C:\Varun\skin-detect-mvp\data\test\bkl\ISIC_0031851.jpg,bkl,akiec,0.503845,0.503845,0.073715,0.345764,0.000723,0.044116,0.029014,0.002822,akiec
C:\Varun\skin-detect-mvp\data\test\bkl\ISIC_0031853.jpg,bkl,bkl,0.924229,0.000625,0.004435,0.924229,0.003304,0.05285,0.014058,0.0005,bkl
C:\Varun\skin-detect-mvp\data\test\bkl\ISIC_0031980.jpg,bkl,bkl,0.952747,0.010083,0.002628,0.952747,0.000223,0.031356,0.002916,4.7e-05,bkl
C:\Varun\skin-detect-mvp\data\test\bkl\ISIC_0031987.jpg,bkl,bkl,0.861513,0.025713,0.004975,0.861513,0.023311,0.071519,0.011501,0.001468,bkl
C:\Varun\skin-detect-mvp\data\test\bkl\ISIC_0032013.jpg,bkl,bkl,0.876161,0.018407,0.000372,0.876161,0.002462,0.076896,0.025619,8.3e-05,bkl
C:\Varun\skin-detect-mvp\data\test\bkl\ISIC_0032051.jpg,bkl,bkl,0.951163,0.0061,0.000722,0.951163,0.000769,0.028896,0.012025,0.000324,bkl
C:\Varun\skin-detect-mvp\data\test\bkl\ISIC_0032168.jpg,bkl,bkl,0.706819,0.028846,0.002468,0.706819,0.001452,0.167711,0.092568,0.000137,bkl
C:\Varun\skin-detect-mvp\data\test\bkl\ISIC_0032271.jpg,bkl,bkl,0.877214,0.007054,0.012122,0.877214,0.006885,0.01866,0.076485,0.001579,bkl
C:\Varun\skin-detect-mvp\data\test\bkl\ISIC_0032335.jpg,bkl,bkl,0.537313,0.013328,0.290371,0.537313,0.000473,0.146338,0.009298,0.002879,bkl
C:\Varun\skin-detect-mvp\data\test\bkl\ISIC_0032365.jpg,bkl,bkl,0.487059,0.004072,0.000119,0.487059,0.005324,0.30606,0.196884,0.000482,bkl
C:\Varun\skin-detect-mvp\data\test\bkl\ISIC_0032382.jpg,bkl,bkl,0.815475,0.001577,0.035306,0.815475,0.000299,0.104995,0.041791,0.000556,bkl
C:\Varun\skin-detect-mvp\data\test\bkl\ISIC_0032460.jpg,bkl,bkl,0.9508,0.001224,0.002221,0.9508,0.001586,0.002467,0.030973,0.010728,bkl
C:\Varun\skin-detect-mvp\data\test\bkl\ISIC_0032570.jpg,bkl,bkl,0.982413,0.005235,0.000964,0.982413,0.000876,0.006202,0.004127,0.000183,bkl
C:\Varun\skin-detect-mvp\data\test\bkl\ISIC_0032636.jpg,bkl,mel,0.530328,0.002668,0.018543,0.339478,0.000298,0.530328,0.1033,0.005385,mel
C:\Varun\skin-detect-mvp\data\test\bkl\ISIC_0032681.jpg,bkl,bkl,0.802007,0.016953,0.001,0.802007,0.006094,0.091333,0.082443,0.000171,bkl
C:\Varun\skin-detect-mvp\data\test\bkl\ISIC_0032732.jpg,bkl,bkl,0.559692,0.000168,0.00139,0.559692,0.000382,0.213117,0.224178,0.001072,bkl
C:\Varun\skin-detect-mvp\data\test\bkl\ISIC_0032756.jpg,bkl,bkl,0.835688,0.000478,0.011733,0.835688,0.000103,0.104896,0.046155,0.000948,bkl
C:\Varun\skin-detect-mvp\data\test\bkl\ISIC_0033185.jpg,bkl,bkl,0.556869,0.004891,0.000111,0.556869,0.00453,0.380598,0.052916,8.3e-05,bkl
C:\Varun\skin-detect-mvp\data\test\bkl\ISIC_0033262.jpg,bkl,bkl,0.82772,0.020685,0.004276,0.82772,0.005485,0.043026,0.098607,0.000201,bkl
C:\Varun\skin-detect-mvp\data\test\bkl\ISIC_0033264.jpg,bkl,bkl,0.782712,0.000659,0.000204,0.782712,0.000276,0.202272,0.013784,9.3e-05,bkl
C:\Varun\skin-detect-mvp\data\test\bkl\ISIC_0033361.jpg,bkl,mel,0.467116,0.014245,0.004066,0.388143,0.006025,0.467116,0.120177,0.000229,mel
C:\Varun\skin-detect-mvp\data\test\bkl\ISIC_0033449.jpg,bkl,bkl,0.849642,0.003146,0.000145,0.849642,0.004663,0.123666,0.018586,0.000152,bkl
C:\Varun\skin-detect-mvp\data\test\bkl\ISIC_0033460.jpg,bkl,bkl,0.493877,0.022542,0.002588,0.493877,0.006411,0.46828,0.006234,6.8e-05,bkl
C:\Varun\skin-detect-mvp\data\test\bkl\ISIC_0033465.jpg,bkl,bkl,0.908053,0.003309,0.000868,0.908053,0.000645,0.046222,0.040508,0.000395,bkl
C:\Varun\skin-detect-mvp\data\test\bkl\ISIC_0033482.jpg,bkl,bkl,0.921632,0.005414,0.004247,0.921632,0.00041,0.043181,0.02351,0.001606,bkl
C:\Varun\skin-detect-mvp\data\test\bkl\ISIC_0033509.jpg,bkl,bkl,0.733565,0.023959,8.8e-05,0.733565,0.000286,0.203968,0.038005,0.000129,bkl
C:\Varun\skin-detect-mvp\data\test\bkl\ISIC_0033529.jpg,bkl,bkl,0.669386,0.000606,9.4e-05,0.669386,0.000192,0.262751,0.065929,0.001042,bkl
C:\Varun\skin-detect-mvp\data\test\bkl\ISIC_0033587.jpg,bkl,bkl,0.53996,0.000462,0.000226,0.53996,0.0049,0.311013,0.143392,4.6e-05,bkl
C:\Varun\skin-detect-mvp\data\test\bkl\ISIC_0033620.jpg,bkl,bkl,0.512722,0.000684,0.00364,0.512722,0.001918,0.158038,0.322721,0.000278,bkl
